data,PIB,Cambio_Dolar,IGPM,Inflacao_Mensal,Selic
2002-01-01,112374.8,2.3066,0.36,0.52,19.00
2002-02-01,111477.1,2.4161,0.06,0.36,19.00
2002-03-01,118444.7,2.3596,0.09,0.60,18.75
2002-04-01,120385.9,2.3220,0.56,0.80,18.50
2002-05-01,123552.5,2.3770,0.83,0.21,18.50
2002-06-01,123424.4,2.5413,1.54,0.42,18.50
2002-07-01,126856.6,2.8595,1.95,1.19,18.50
2002-08-01,127800.1,3.3275,2.32,0.65,18.00
2002-09-01,125137.8,3.0286,2.40,0.72,18.00
2002-10-01,133125.4,3.7467,3.87,1.31,18.00
2002-11-01,135966.6,3.6113,5.19,3.02,21.00
2002-12-01,130241.2,3.6160,3.75,2.10,22.00
2003-01-01,125711.1,3.5224,2.33,2.25,25.00
2003-02-01,131383.0,3.4930,2.28,1.57,25.50
2003-03-01,140147.5,3.5637,1.53,1.23,26.50
2003-04-01,141003.2,3.3359,0.92,0.97,26.50
2003-05-01,140058.2,2.9159,-0.26,0.61,26.50
2003-06-01,137926.0,2.9780,-1.00,-0.15,26.50
2003-07-01,144626.0,2.8443,-0.42,0.20,26.00
2003-08-01,144367.2,3.0006,0.38,0.34,24.50
2003-09-01,150356.6,2.9840,1.18,0.78,22.00
2003-10-01,158352.2,2.9034,0.38,0.29,20.00
2003-11-01,154756.8,2.8559,0.49,0.34,19.00
2003-12-01,149262.6,2.9341,0.61,0.52,17.50
2004-01-01,142458.5,2.8862,0.88,0.76,16.50
2004-02-01,141650.7,2.9486,0.69,0.61,16.50
2004-03-01,160674.2,2.8945,1.13,0.47,16.50
2004-04-01,159111.3,2.8904,1.21,0.37,16.25
2004-05-01,160113.8,2.9569,1.31,0.51,16.00
2004-06-01,162569.9,3.1567,1.38,0.71,16.00
2004-07-01,168215.1,3.0747,1.31,0.91,16.00
2004-08-01,168069.3,3.0466,1.22,0.69,16.00
2004-09-01,168968.0,2.9298,0.69,0.33,16.00
2004-10-01,174389.4,2.8513,0.39,0.44,16.25
2004-11-01,178016.0,2.8590,0.82,0.69,16.75
2004-12-01,173515.1,2.7145,0.74,0.86,17.25
2005-01-01,161645.2,2.6682,0.39,0.58,17.75
2005-02-01,159967.2,2.6130,0.30,0.59,18.25
2005-03-01,178097.9,2.6011,0.85,0.61,18.75
2005-04-01,177915.9,2.6550,0.86,0.87,19.25
2005-05-01,178126.3,2.5146,-0.22,0.49,19.50
2005-06-01,179515.2,2.4286,-0.44,-0.02,19.75
2005-07-01,181671.6,2.3459,-0.34,0.25,19.75
2005-08-01,186714.7,2.3785,-0.65,0.17,19.75
2005-09-01,184472.8,2.3623,-0.53,0.35,19.75
2005-10-01,192952.2,2.2339,0.60,0.75,19.50
2005-11-01,196416.4,2.2516,0.40,0.55,19.00
2005-12-01,193089.0,2.2177,-0.01,0.36,18.50
2006-01-01,181703.8,2.3370,0.92,0.59,18.00
2006-02-01,176995.3,2.2217,0.01,0.41,17.25
2006-03-01,195571.4,2.1181,-0.23,0.43,17.25
2006-04-01,188584.2,2.1542,-0.42,0.21,16.50
2006-05-01,198732.6,2.0718,0.38,0.10,15.75
2006-06-01,194660.1,2.2713,0.75,-0.21,15.25
2006-07-01,203497.8,2.1701,0.18,0.19,15.25
2006-08-01,208796.1,2.1905,0.37,0.05,14.75
2006-09-01,205553.8,2.1468,0.29,0.21,14.25
2006-10-01,219040.8,2.1623,0.47,0.33,14.25
2006-11-01,220983.2,2.1410,0.75,0.31,13.75
2006-12-01,215330.9,2.1672,0.32,0.48,13.25
2007-01-01,206665.4,2.1342,0.50,0.44,13.25
2007-02-01,201550.6,2.1093,0.27,0.44,13.00
2007-03-01,223206.9,2.1260,0.34,0.37,13.00
2007-04-01,218922.4,2.0478,0.04,0.25,12.75
2007-05-01,227533.9,2.0268,0.04,0.28,12.50
2007-06-01,224198.4,1.9056,0.26,0.28,12.50
2007-07-01,230915.0,1.9176,0.28,0.24,12.00
2007-08-01,233903.0,1.8856,0.98,0.47,11.50
2007-09-01,227028.0,1.9547,1.29,0.18,11.50
2007-10-01,245688.9,1.8225,1.05,0.30,11.25
2007-11-01,243269.5,1.7460,0.69,0.38,11.25
2007-12-01,237380.9,1.7888,1.76,0.74,11.25
2008-01-01,232828.5,1.7722,1.09,0.54,11.25
2008-02-01,231983.8,1.7451,0.53,0.49,11.25
2008-03-01,247243.0,1.6816,0.74,0.48,11.25
2008-04-01,253193.5,1.7534,0.69,0.55,11.25
2008-05-01,255741.0,1.6506,1.61,0.79,11.75
2008-06-01,260590.7,1.6320,1.98,0.74,11.75
2008-07-01,271286.3,1.6061,1.76,0.53,12.25
2008-08-01,268548.1,1.5593,-0.32,0.28,13.00
2008-09-01,272768.2,1.6447,0.11,0.26,13.00
2008-10-01,284924.2,1.9213,0.98,0.45,13.75
2008-11-01,272113.4,2.1818,0.38,0.36,13.75
2008-12-01,258582.5,2.3565,-0.13,0.28,13.75
2009-01-01,244784.2,2.3298,-0.44,0.48,13.75
2009-02-01,242501.2,2.3475,0.26,0.55,12.75
2009-03-01,268841.6,2.4121,-0.74,0.20,12.75
2009-04-01,263428.8,2.2899,-0.15,0.48,11.25
2009-05-01,268742.3,2.1369,-0.07,0.47,10.25
2009-06-01,271406.4,1.9440,-0.10,0.36,10.25
2009-07-01,281459.6,1.9342,-0.43,0.24,9.25
2009-08-01,282508.7,1.8369,-0.36,0.15,8.75
2009-09-01,288874.9,1.8829,0.42,0.24,8.75
2009-10-01,309134.7,1.7794,0.05,0.28,8.75
2009-11-01,307944.4,1.7588,0.10,0.41,8.75
2009-12-01,303412.3,1.7293,-0.26,0.37,8.75
2010-01-01,284389.3,1.7240,0.63,0.75,8.75
2010-02-01,283356.4,1.8773,1.18,0.78,8.75
2010-03-01,318651.7,1.8000,0.94,0.52,8.75
2010-04-01,311651.0,1.7701,0.77,0.57,8.75
2010-05-01,315947.5,1.7315,1.19,0.43,9.50
2010-06-01,316546.6,1.8255,0.85,0.00,9.50
2010-07-01,328891.3,1.8006,0.15,0.01,10.25
2010-08-01,332382.6,1.7489,0.77,0.04,10.75
2010-09-01,336660.8,1.7441,1.15,0.45,10.75
2010-10-01,350937.7,1.6812,1.01,0.75,10.75
2010-11-01,358427.1,1.7044,1.45,0.83,10.75
2010-12-01,348004.9,1.7052,0.69,0.63,10.75
2011-01-01,327590.9,1.6510,0.79,0.83,10.75
2011-02-01,332322.4,1.6631,1.00,0.80,11.25
2011-03-01,356617.3,1.6627,0.62,0.79,11.25
2011-04-01,354617.8,1.6194,0.45,0.77,11.75
2011-05-01,368272.7,1.5747,0.43,0.47,12.00
2011-06-01,363821.7,1.5878,-0.18,0.15,12.00
2011-07-01,367333.1,1.5599,-0.12,0.16,12.25
2011-08-01,374887.3,1.5551,0.44,0.37,12.50
2011-09-01,370113.8,1.6040,0.65,0.53,12.00
2011-10-01,383776.1,1.8811,0.53,0.43,12.00
2011-11-01,391537.9,1.7506,0.50,0.52,11.50
2011-12-01,385490.9,1.7929,-0.12,0.50,11.00
2012-01-01,364190.6,1.8683,0.25,0.56,11.00
2012-02-01,367525.1,1.7376,-0.06,0.45,10.50
2012-03-01,397758.4,1.7152,0.43,0.21,10.50
2012-04-01,385880.0,1.8314,0.85,0.64,9.75
2012-05-01,401862.3,1.9149,1.02,0.36,9.00
2012-06-01,395383.3,2.0350,0.66,0.08,8.50
2012-07-01,409021.0,1.9893,1.34,0.43,8.50
2012-08-01,418752.0,2.0432,1.43,0.41,8.00
2012-09-01,402675.8,2.0335,0.97,0.57,7.50
2012-10-01,431405.6,2.0260,0.02,0.59,7.50
2012-11-01,426600.5,2.0312,-0.03,0.60,7.25
2012-12-01,413705.4,2.1121,0.68,0.79,7.25
2013-01-01,408889.7,2.0415,0.34,0.86,7.25
2013-02-01,398093.7,1.9843,0.29,0.60,7.25
2013-03-01,434630.2,1.9848,0.21,0.47,7.25
2013-04-01,446505.0,2.0186,0.15,0.55,7.25
2013-05-01,441335.3,2.0095,0.00,0.37,7.50
2013-06-01,434739.6,2.1355,0.75,0.26,8.00
2013-07-01,452597.6,2.2297,0.26,0.03,8.00
2013-08-01,453781.6,2.2914,0.15,0.24,8.50
2013-09-01,447754.9,2.3643,1.50,0.35,9.00
2013-10-01,475713.5,2.2123,0.86,0.57,9.00
2013-11-01,470324.8,2.2468,0.29,0.54,9.50
2013-12-01,467252.9,2.3449,0.60,0.92,10.00
2014-01-01,453279.4,2.3975,0.48,0.55,10.00
2014-02-01,455501.9,2.4090,0.38,0.69,10.50
2014-03-01,477199.7,2.3240,1.67,0.92,10.75
2014-04-01,479719.3,2.2620,0.78,0.67,10.75
2014-05-01,481272.8,2.2221,-0.13,0.46,11.00
2014-06-01,461329.7,2.2640,-0.74,0.40,11.00
2014-07-01,486913.1,2.2054,-0.61,0.01,11.00
2014-08-01,483782.0,2.2607,-0.27,0.25,11.00
2014-09-01,491430.3,2.2364,0.20,0.57,11.00
2014-10-01,508932.2,2.4623,0.28,0.42,11.00
2014-11-01,498494.2,2.4839,0.98,0.51,11.25
2014-12-01,501098.3,2.5624,0.62,0.78,11.25
2015-01-01,474407.2,2.6929,0.76,1.24,11.75
2015-02-01,466922.1,2.6894,0.27,1.22,12.25
2015-03-01,515329.4,2.8655,0.98,1.32,12.25
2015-04-01,497183.9,3.1556,1.17,0.71,12.75
2015-05-01,492292.2,3.0754,0.41,0.74,13.25
2015-06-01,490493.6,3.1789,0.67,0.79,13.25
2015-07-01,507171.3,3.1191,0.69,0.62,13.75
2015-08-01,501419.7,3.4425,0.28,0.22,14.25
2015-09-01,499637.2,3.6725,0.95,0.54,14.25
2015-10-01,520985.5,3.9794,1.89,0.82,14.25
2015-11-01,513448.7,3.8126,1.52,1.01,14.25
2015-12-01,516496.1,3.8745,0.49,0.96,14.25
2016-01-01,481982.2,4.0387,1.14,1.27,14.25
2016-02-01,490503.4,3.9986,1.29,0.90,14.25
2016-03-01,527813.4,3.9913,0.51,0.43,14.25
2016-04-01,520793.5,3.5799,0.33,0.61,14.25
2016-05-01,516373.1,3.4991,0.82,0.78,14.25
2016-06-01,521883.6,3.6126,1.69,0.35,14.25
2016-07-01,522266.4,3.2298,0.18,0.52,14.25
2016-08-01,530569.9,3.2662,0.15,0.44,14.25
2016-09-01,524334.1,3.2472,0.20,0.08,14.25
2016-10-01,539580.2,3.2338,0.16,0.26,14.25
2016-11-01,545984.4,3.2053,-0.03,0.18,14.00
2016-12-01,547243.9,3.4362,0.54,0.30,13.75
2017-01-01,514123.6,3.2729,0.64,0.38,13.75
2017-02-01,510941.1,3.1479,0.08,0.33,13.00
2017-03-01,560608.7,3.0976,0.01,0.25,12.25
2017-04-01,537850.5,3.1167,-1.10,0.14,12.25
2017-05-01,550796.1,3.1724,-0.93,0.31,11.25
2017-06-01,542083.0,3.2307,-0.67,-0.23,10.25
2017-07-01,548500.8,3.3015,-0.72,0.24,10.25
2017-08-01,555906.2,3.1161,0.10,0.19,9.25
2017-09-01,544228.3,3.1333,0.47,0.16,9.25
2017-10-01,568635.2,3.1642,0.20,0.42,8.25
2017-11-01,573885.5,3.2736,0.52,0.28,7.50
2017-12-01,577920.0,3.2636,0.89,0.44,7.50
2018-01-01,552768.8,3.2697,0.76,0.29,7.00
2018-02-01,540093.9,3.1730,0.07,0.32,7.00
2018-03-01,589220.4,3.2620,0.64,0.09,6.75
2018-04-01,587644.6,3.3104,0.57,0.22,6.50
2018-05-01,562264.0,3.5424,1.38,0.40,6.50
2018-06-01,584190.4,3.7413,1.87,1.26,6.50
2018-07-01,592144.1,3.9055,0.51,0.33,6.50
2018-08-01,599037.6,3.7491,0.70,-0.09,6.50
2018-09-01,576674.0,4.1279,1.52,0.48,6.50
2018-10-01,612091.4,4.0273,0.89,0.45,6.50
2018-11-01,607721.9,3.6973,-0.49,-0.21,6.50
2018-12-01,600289.9,3.8285,-1.08,0.15,6.50
2019-01-01,578770.9,3.8595,0.01,0.32,6.50
2019-02-01,576629.9,3.6694,0.88,0.43,6.50
2019-03-01,602152.8,3.7832,1.26,0.75,6.50
2019-04-01,613498.1,3.8682,0.92,0.57,6.50
2019-05-01,615826.9,3.9650,0.45,0.13,6.50
2019-06-01,597436.2,3.9003,0.80,0.01,6.50
2019-07-01,632179.8,3.8193,0.40,0.19,6.50
2019-08-01,629503.4,3.8296,-0.67,0.11,6.00
2019-09-01,618927.1,4.1581,-0.01,-0.04,6.00
2019-10-01,649561.8,4.1740,0.68,0.10,5.50
2019-11-01,638041.1,3.9786,0.30,0.51,5.00
2019-12-01,636603.1,4.2261,2.09,1.15,5.00
2020-01-01,613998.9,4.0213,0.48,0.21,4.50
2020-02-01,618246.3,4.2475,-0.04,0.25,4.50
2020-03-01,635849.4,4.4946,1.24,0.07,4.25
2020-04-01,567982.1,5.2404,0.80,-0.31,3.75
2020-05-01,577592.7,5.5816,0.28,-0.38,3.75
2020-06-01,607148.7,5.3639,1.56,0.26,3.00
2020-07-01,643931.8,5.3651,2.23,0.36,2.25
2020-08-01,637381.5,5.3075,2.74,0.24,2.25
2020-09-01,648010.2,5.3732,4.34,0.64,2.00
2020-10-01,673432.4,5.6441,3.23,0.86,2.00
2020-11-01,680082.0,5.6895,3.28,0.89,2.00
2020-12-01,705941.0,5.2789,0.96,1.35,2.00
2021-01-01,678725.8,5.1626,2.58,0.25,2.00
2021-02-01,707414.9,5.4608,2.53,0.86,2.00
2021-03-01,770529.4,5.5832,2.94,0.93,2.00
2021-04-01,738466.4,5.6849,1.51,0.31,2.75
2021-05-01,731761.8,5.4087,4.10,0.83,2.75
2021-06-01,733410.6,5.1636,0.60,0.53,3.50
2021-07-01,766220.6,5.0055,0.78,0.96,4.25
2021-08-01,767600.7,5.1379,0.66,0.87,4.25
2021-09-01,762029.8,5.1576,-0.64,1.16,5.25
2021-10-01,773175.8,5.3911,0.64,1.25,6.25
2021-11-01,788240.8,5.6694,0.02,0.95,7.75
2021-12-01,794565.4,5.6168,0.87,0.73,7.75
2022-01-01,724709.0,5.6309,1.82,0.54,9.25
2022-02-01,753185.7,5.2810,1.83,1.01,9.25
2022-03-01,841633.4,5.1347,1.74,1.62,10.75
2022-04-01,832246.1,4.6984,1.41,1.06,11.75
2022-05-01,841940.1,5.0266,0.52,0.47,11.75
2022-06-01,843295.2,4.7765,0.59,0.67,12.75
2022-07-01,869696.1,5.3142,0.21,-0.68,13.25
2022-08-01,873715.3,5.1606,-0.70,-0.36,13.25
2022-09-01,857770.6,5.2007,-0.95,-0.29,13.75
2022-10-01,880276.6,5.2002,-0.97,0.59,13.75
2022-11-01,880609.3,5.1500,-0.56,0.41,13.75
2022-12-01,880599.2,5.1948,0.45,0.62,13.75
2023-01-01,813004.6,5.3436,0.21,0.53,13.75
2023-02-01,831223.5,5.0721,-0.06,0.84,13.75
2023-03-01,938477.7,5.2070,0.05,0.71,13.75
2023-04-01,904795.4,5.0637,-0.95,0.61,13.75
2023-05-01,903193.8,5.0334,-1.84,0.23,13.75
2023-06-01,893115.7,5.0350,-1.93,-0.08,13.75
2023-07-01,910839.7,4.7876,-0.72,0.12,13.75
2023-08-01,923709.6,4.7752,-0.14,0.23,13.75
2023-09-01,906412.1,4.9318,0.37,0.26,13.25
2023-10-01,943698.1,5.0679,0.50,0.24,12.75
2023-11-01,950303.5,5.0194,0.59,0.28,12.75
2023-12-01,937338.6,4.9191,0.74,0.56,12.25
2024-01-01,876200.5,4.8916,0.07,0.42,11.75
2024-02-01,886739.5,4.9350,-0.52,0.83,11.25
2024-03-01,950976.7,4.9596,-0.47,0.16,11.25
2024-04-01,975287.9,5.0532,0.31,0.38,10.75
2024-05-01,949745.5,5.1184,0.89,0.46,10.75
2024-06-01,962616.9,5.2373,0.81,0.21,10.50
2024-07-01,1004825.2,5.5893,0.61,0.38,10.50
2024-08-01,993497.3,5.6681,0.29,-0.02,10.50
2024-09-01,982214.4,5.6230,0.62,0.44,10.50
2024-10-01,1014792.0,5.4521,1.52,0.56,10.75
2024-11-01,1017700.0,5.8073,1.30,0.39,11.25
2024-12-01,1021000.0,6.0634,0.83,0.56,11.25
